  -9.7822865814605697e-01   5.5668567116173663e-02
  -8.8706259976809532e-01   1.2558036946490461e-01
  -7.3015200557404936e-01   1.8629021092773426e-01
  -5.1909612920681181e-01   2.3319376459199048e-01
  -2.6954315595234496e-01   2.6280454451024665e-01
   0.0000000000000000e+00   2.7292508677790062e-01
   2.6954315595234496e-01   2.6280454451024665e-01
   5.1909612920681181e-01   2.3319376459199048e-01
   7.3015200557404936e-01   1.8629021092773426e-01
   8.8706259976809532e-01   1.2558036946490461e-01
   9.7822865814605697e-01   5.5668567116173663e-02
