  -9.9588570114561692e-01   1.0551372617343006e-02
  -9.7838544595647103e-01   2.4417851092631910e-02
  -9.4715906666171423e-01   3.7962383294362766e-02
  -9.0263786198430707e-01   5.0975825297147809e-02
  -8.4544594278849805e-01   6.3274046329574840e-02
  -7.7638594882067891e-01   7.4684149765659749e-02
  -6.9642726041995728e-01   8.5045894313485235e-02
  -6.0669229301761807e-01   9.4213800355914146e-02
  -5.0844071482450570e-01   1.0205916109442542e-01
  -4.0305175512348629e-01   1.0847184052857659e-01
  -2.9200483948595690e-01   1.1336181654631966e-01
  -1.7685882035689018e-01   1.1666044348529658e-01
  -5.9230093429313208e-02   1.1832141527926228e-01
   5.9230093429313208e-02   1.1832141527926228e-01
   1.7685882035689018e-01   1.1666044348529658e-01
   2.9200483948595690e-01   1.1336181654631966e-01
   4.0305175512348629e-01   1.0847184052857659e-01
   5.0844071482450570e-01   1.0205916109442542e-01
   6.0669229301761807e-01   9.4213800355914146e-02
   6.9642726041995728e-01   8.5045894313485235e-02
   7.7638594882067891e-01   7.4684149765659749e-02
   8.4544594278849805e-01   6.3274046329574840e-02
   9.0263786198430707e-01   5.0975825297147809e-02
   9.4715906666171423e-01   3.7962383294362766e-02
   9.7838544595647103e-01   2.4417851092631910e-02
   9.9588570114561692e-01   1.0551372617343006e-02
