  -9.9794458247791362e-01   5.2730572794979389e-03
  -9.8918596321431917e-01   1.2238780100307557e-02
  -9.7349303005648580e-01   1.9129044489083966e-02
  -9.5097234326209479e-01   2.5886036990558935e-02
  -9.2178143741246377e-01   3.2461639847521484e-02
  -8.8612496215548608e-01   3.8809602501934541e-02
  -8.4425298734055598e-01   4.4885364662437165e-02
  -7.9645920050990227e-01   5.0646297654824604e-02
  -7.4307883398196528e-01   5.6051987998274919e-02
  -6.8448630913095931e-01   6.1064516523225990e-02
  -6.2109260840892444e-01   6.5648722872751253e-02
  -5.5334239186158174e-01   6.9772451555700346e-02
  -4.8171087780320554e-01   7.3406777248488167e-02
  -4.0670050931832613e-01   7.6526207570529234e-02
  -3.2883742988370701e-01   7.9108861837529382e-02
  -2.4866779279136575e-01   8.1136624508465024e-02
  -1.6675393023985197e-01   8.2595272236437256e-02
  -8.3670408954769904e-02   8.3474573625862789e-02
   0.0000000000000000e+00   8.3768360993138904e-02
   8.3670408954769904e-02   8.3474573625862789e-02
   1.6675393023985197e-01   8.2595272236437256e-02
   2.4866779279136575e-01   8.1136624508465024e-02
   3.2883742988370701e-01   7.9108861837529382e-02
   4.0670050931832613e-01   7.6526207570529234e-02
   4.8171087780320554e-01   7.3406777248488167e-02
   5.5334239186158174e-01   6.9772451555700346e-02
   6.2109260840892444e-01   6.5648722872751253e-02
   6.8448630913095931e-01   6.1064516523225990e-02
   7.4307883398196528e-01   5.6051987998274919e-02
   7.9645920050990227e-01   5.0646297654824604e-02
   8.4425298734055598e-01   4.4885364662437165e-02
   8.8612496215548608e-01   3.8809602501934541e-02
   9.2178143741246377e-01   3.2461639847521484e-02
   9.5097234326209479e-01   2.5886036990558935e-02
   9.7349303005648580e-01   1.9129044489083966e-02
   9.8918596321431917e-01   1.2238780100307557e-02
   9.9794458247791362e-01   5.2730572794979389e-03
