  -1.0000000000000000e+00   1.8181818181818181e-02
  -9.3400143040805916e-01   1.0961227326699487e-01
  -7.8448347366314441e-01   1.8716988178030519e-01
  -5.6523532699620505e-01   2.4804810426402832e-01
  -2.9575813558693936e-01   2.8687912477900807e-01
   0.0000000000000000e+00   3.0021759545569071e-01
   2.9575813558693936e-01   2.8687912477900807e-01
   5.6523532699620505e-01   2.4804810426402832e-01
   7.8448347366314441e-01   1.8716988178030519e-01
   9.3400143040805916e-01   1.0961227326699487e-01
   1.0000000000000000e+00   1.8181818181818181e-02
