  -1.0000000000000000e+00   3.0769230769230999e-03
  -9.8872741231147998e-01   1.8896858024259999e-02
  -9.6237787476771997e-01   3.3732303685960002e-02
  -9.2143554681756001e-01   4.8048399081179999e-02
  -8.6652432395912005e-01   6.1635025142546998e-02
  -7.9847718310743998e-01   7.4287050122290005e-02
  -7.1832581636267001e-01   8.5812863980000001e-02
  -6.2728529949232004e-01   9.6037802353899998e-02
  -5.2673574202988005e-01   1.0480688623074000e-01
  -4.1820138706624999e-01   1.1198719411986000e-01
  -3.0332751285925003e-01   1.1746988409381000e-01
  -1.8385549527004999e-01   1.2117184628843999e-01
  -6.1596411781919998e-02   1.2303696380008000e-01
   6.1596411781919998e-02   1.2303696380008000e-01
   1.8385549527004999e-01   1.2117184628843999e-01
   3.0332751285925003e-01   1.1746988409381000e-01
   4.1820138706624999e-01   1.1198719411986000e-01
   5.2673574202988005e-01   1.0480688623074000e-01
   6.2728529949232004e-01   9.6037802353899998e-02
   7.1832581636267001e-01   8.5812863980000001e-02
   7.9847718310743998e-01   7.4287050122290005e-02
   8.6652432395912005e-01   6.1635025142546998e-02
   9.2143554681756001e-01   4.8048399081179999e-02
   9.6237787476771997e-01   3.3732303685960002e-02
   9.8872741231147998e-01   1.8896858024259999e-02
   1.0000000000000000e+00   3.0769230769230999e-03
