  -1.0000000000000000e+00   1.5015015015015015e-03
  -9.9449380945326182e-01   9.2392432428419300e-03
  -9.8158141498697704e-01   1.6568023462080861e-02
  -9.6139973400684808e-01   2.3770244581551459e-02
  -9.3409976546970497e-01   3.0795943408698085e-02
  -8.9988390897660708e-01   3.7593506203916827e-02
  -8.5900556704651454e-01   4.4112694216875664e-02
  -8.1176741858365509e-01   5.0305268315041562e-02
  -7.5851921157356839e-01   5.6125390773875627e-02
  -6.9965518373232938e-01   6.1529975716485608e-02
  -6.3561114734643409e-01   6.6479011534697333e-02
  -5.6686126417869964e-01   7.0935858364453638e-02
  -4.9391453563342086e-01   7.4867519862718238e-02
  -4.1731103463383079e-01   7.8244887728851381e-02
  -3.3761790729576474e-01   8.1042957322503717e-02
  -2.5542517408079674e-01   8.3241012845791745e-02
  -1.7134136155372540e-01   8.4822780746207943e-02
  -8.5988997104455261e-02   8.5776550217099387e-02
   0.0000000000000000e+00   8.6095259909614988e-02
   8.5988997104455261e-02   8.5776550217099387e-02
   1.7134136155372540e-01   8.4822780746207943e-02
   2.5542517408079674e-01   8.3241012845791745e-02
   3.3761790729576474e-01   8.1042957322503717e-02
   4.1731103463383079e-01   7.8244887728851381e-02
   4.9391453563342080e-01   7.4867519862718238e-02
   5.6686126417869964e-01   7.0935858364453638e-02
   6.3561114734643409e-01   6.6479011534697346e-02
   6.9965518373232938e-01   6.1529975716485608e-02
   7.5851921157356839e-01   5.6125390773875627e-02
   8.1176741858365509e-01   5.0305268315041562e-02
   8.5900556704651454e-01   4.4112694216875657e-02
   8.9988390897660708e-01   3.7593506203916827e-02
   9.3409976546970497e-01   3.0795943408698085e-02
   9.6139973400684808e-01   2.3770244581551459e-02
   9.8158141498697704e-01   1.6568023462080861e-02
   9.9449380945326182e-01   9.2392432428419300e-03
   1.0000000000000000e+00   1.5015015015015015e-03
